year,president,T0,T1,T2,T3,T4,T5,T6,T7,T8,T9,T10,T11,T12,T13,T14,T15,T16,T17,T18,T19,T20,T21,T22,T23,T24,T25,T26,T27,T28,T29
1947,Truman,0.0143736586467864,0.04393990737603072,0.021744041567830115,0.04402462442110019,0.008612899582062577,0.040551225573252005,0.015813848412967353,0.017254038179148314,0.022675929063594263,0.10324183892465832,0.0209815881622049,0.03377386196769457,0.026064610866372982,0.03284197447193042,0.033519710832486165,0.03953462103241839,0.02614932791144245,0.0315712187958884,0.031571218795888395,0.027250649497345535,0.01310290297074438,0.0384332994465153,0.03038518016491585,0.021574607477691177,0.026996498362137127,0.078928046989721,0.0334349937874167,0.03690839263526488,0.03911103580707105,0.045634248277420075
1948,Truman,0.009278002699055331,0.040654520917678814,0.013326585695006748,0.0469298245614035,0.016363022941970305,0.05786099865047233,0.008873144399460188,0.028002699055330635,0.033164642375168696,0.04379217273954116,0.043488529014844804,0.04480431848852901,0.059784075573549256,0.04014844804318489,0.006545209176788125,0.060492577597840755,0.027597840755735494,0.03690958164642376,0.04338731443994602,0.01676788124156545,0.024055330634278005,0.03195006747638327,0.04460188933873145,0.025472334682860996,0.02456140350877193,0.04136302294197031,0.01838731443994602,0.05907557354925776,0.024055330634278,0.02830634278002699
1949,Truman,0.021031274742676166,0.0395882818685669,0.010342438638163103,0.03350158353127475,0.01806215360253365,0.03172011084718923,0.010342438638163105,0.044041963578780687,0.01628068091844814,0.036767616785431514,0.04136975455265241,0.04923792557403009,0.04938638163103721,0.04493269992082344,0.027563341250989706,0.04760490894695171,0.023258115597783055,0.030680918448139347,0.05547307996832938,0.011678543151227237,0.01910134600158353,0.03216547901821061,0.04478424386381631,0.03216547901821061,0.014202296120348377,0.042408946951702296,0.03216547901821061,0.06972486144101346,0.03424386381631037,0.03617379255740301
1950,Truman,0.013412395877453055,0.03289566567838487,0.014153607228575463,0.042849075250600034,0.013835945220951575,0.06434420443314978,0.016377241281942678,0.04030777918960893,0.01605957927431879,0.05809685161654666,0.056402654242552586,0.04846110405195539,0.044331497952844835,0.030142594945644505,0.013306508541578426,0.04380206127347169,0.028024848228151916,0.04242552590710152,0.036284060426373006,0.016694903289566566,0.03035436961739376,0.032789778342510234,0.03226034166313709,0.029719045602145985,0.026330650854157842,0.04242552590710152,0.028977834251023578,0.04496682196809262,0.026224763518283213,0.0337427643653819
1951,Truman,0.025675920885501722,0.02363454908365088,0.047042279078207225,0.037379785882779896,0.013019415714026494,0.09984576301941572,0.047042279078207225,0.02431500635093449,0.004853928506623117,0.03819633460352023,0.03846851751043368,0.023906731990564326,0.03629105425512612,0.015060787515877336,0.003356922518599165,0.018463073852295408,0.01941571402649247,0.05248593721647614,0.015605153329704228,0.06037924151696607,0.021593177281800033,0.04704227907820722,0.008936672110324805,0.026628561059698783,0.05711304663400472,0.02227363454908365,0.013699872981310106,0.030030847396116854,0.018871348212665576,0.10937216476138631
1952,Truman,0.023140380313199104,0.030166387024608502,0.041282158836689044,0.04862276286353468,0.007620246085011186,0.08438199105145414,0.06120665548098433,0.032997762863534674,0.013073266219239373,0.042750279642058166,0.03593400447427293,0.02618148769574944,0.044952460850111856,0.015694910514541388,0.01034675615212528,0.04191135346756152,0.01653383668903803,0.04296001118568232,0.025657158836689037,0.03184423937360179,0.017582494407158835,0.034256152125279646,0.028488534675615216,0.025342561521252797,0.04484759507829977,0.029642058165548102,0.01590464205816555,0.034570749440715885,0.019365212527964207,0.0727418903803132
1953,Eisenhower,0.017648467432950194,0.039990421455938695,0.017217432950191573,0.04782088122605364,0.009171455938697318,0.03568007662835249,0.0178639846743295,0.019731800766283523,0.03891283524904215,0.08187260536398469,0.026412835249042144,0.036182950191570876,0.04056513409961686,0.04128352490421456,0.06391283524904215,0.023611111111111114,0.028065134099616862,0.03366858237547893,0.02260536398467433,0.02088122605363985,0.019947318007662834,0.023682950191570885,0.01125478927203065,0.01728927203065134,0.031226053639846745,0.088338122605364,0.02274904214559387,0.039487547892720305,0.02167145593869732,0.06125478927203065
1953,Truman,0.023319537058327587,0.021192611328274703,0.03872537748141335,0.07195140645359087,0.006361615697095118,0.13472445772974628,0.041599601440944274,0.020962673411512228,0.011822641220203876,0.04102475664903809,0.05062466467387139,0.036655936230551085,0.03125239518663294,0.022859661224802638,0.017111213305740784,0.015099256534069135,0.013144784241588103,0.04947497509005901,0.011247796428297692,0.060856901969801494,0.05137196290334943,0.018893232160649958,0.017226182264122022,0.032287115812064074,0.045451061546715715,0.0202728596612248,0.010845405073963364,0.021422549245037174,0.014294473825400476,0.04792289415191231
1954,Eisenhower,0.013246471226927252,0.0246471226927253,0.007138979370249729,0.028148751357220413,0.011373507057546145,0.03889793702497286,0.008279044516829533,0.023344191096634097,0.0512757871878393,0.042155266015200865,0.020819761129207384,0.04182953311617807,0.020005428881650383,0.055836047774158515,0.033441910966340936,0.018865363735070577,0.0494842562432139,0.031568946796959825,0.04630836047774158,0.0246471226927253,0.02000542888165038,0.0494028230184582,0.020086862106406082,0.02652008686210641,0.04134093376764386,0.09085233441910967,0.02277415852334419,0.05754614549402823,0.01951682953311618,0.06064060803474484
1955,Eisenhower,0.012335888624548418,0.0452462772050401,0.010221164860340116,0.033020530443210856,0.009362058331130496,0.04114899991188651,0.005991717331923518,0.026412018680059917,0.028064146620847653,0.045378447440303116,0.026676359150585954,0.04484976649925103,0.038109084500837075,0.0502687461450348,0.04603929861661821,0.027865891267953125,0.040289893382676883,0.020332187857961054,0.046105383734249716,0.019208740858225395,0.01312891003612653,0.03850559520662613,0.020464358093224073,0.024825975856903694,0.03209533879636972,0.07676887831527007,0.025288571680324258,0.04736100096924839,0.02429729491585162,0.08033747466737158
1956,Eisenhower,0.006555120961900623,0.034097493843256554,0.008565116615964074,0.032956685499058384,0.01780023178328263,0.0363791105316529,0.011064030131826743,0.02491670288280458,0.040996668115312176,0.050068810662031005,0.017854555990149214,0.043821526872374325,0.03583586846298711,0.03909532087498189,0.039692887150514264,0.029805881500796758,0.052839345212226566,0.023178328263074026,0.03268506446472548,0.02692669853686803,0.017528610748949732,0.05620744603795451,0.024862378675937997,0.025894538606403013,0.03871505142691583,0.07087498189193105,0.03757424308271765,0.04680935825003621,0.023069679849340868,0.053328263074025786
1957,Eisenhower,0.014213775178687459,0.05575860948667966,0.011289798570500324,0.043940870695256665,0.010924301494476934,0.07427712800519817,0.006903833658219623,0.022132878492527614,0.013726445743989603,0.0569769330734243,0.038214749837556856,0.0525909681611436,0.03346328784925277,0.041747888239116314,0.043575373619233276,0.03395061728395062,0.024569525666016896,0.026153346328784924,0.016284925276153345,0.03443794671864848,0.02103638726445744,0.03212313190383366,0.018721572449642624,0.03151397011046134,0.04942332683560754,0.06331221572449643,0.027493502274204027,0.03650909681611437,0.019452566601689408,0.045281026640675764
1958,Eisenhower,0.012306321129850542,0.013643219525572466,0.014260249554367202,0.049019607843137254,0.021664609899904014,0.060023310023310024,0.027526395173454,0.029788838612368026,0.03133141368435487,0.06105169340463458,0.02773207184971891,0.04151240915946799,0.038015905662964485,0.021356094885506646,0.027732071849718907,0.026395173453996983,0.03205128205128205,0.03924996572055396,0.01384889620183738,0.081002331002331,0.02814342520224873,0.03400521047579871,0.0079871109282874,0.04819690113807761,0.030200191964897847,0.0328739887563417,0.015391471273824214,0.010352392705333884,0.021767448238036474,0.10156999862882216
1959,Eisenhower,0.013753717220870506,0.041024601243579345,0.013348202216815354,0.04731008380643417,0.016896458502297915,0.06008380643417139,0.014666125979994591,0.020546093538794268,0.040821843741551775,0.055217626385509595,0.04132873749662071,0.03909840497431739,0.05106109759394431,0.031089483644228175,0.03666531494998649,0.039706677480400104,0.029163287374966207,0.04396458502297919,0.014361989726953229,0.04801973506353069,0.028048121113814543,0.04031494998648284,0.01638956474722898,0.022066774804001082,0.024094349824276832,0.04801973506353069,0.024905379832387133,0.02287780481211138,0.02166125979994593,0.05349418761827521
1960,Eisenhower,0.013601114746152913,0.034866109293590214,0.014600751241972614,0.05767599660729431,0.013328486610929358,0.07176178359384466,0.015691263782866838,0.02223433902823216,0.04150006058403005,0.07466981703622924,0.043590209620743975,0.03995516781776324,0.04513510238701078,0.02832303404822489,0.014691627287047135,0.03086756331031141,0.0209620743971889,0.031594571670907554,0.017417908639282685,0.05840300496789046,0.031140191445534957,0.030322307039864292,0.015963891918090393,0.04131830849388102,0.03504786138373925,0.040591300133284866,0.017872288864655275,0.028050405913001335,0.016690900278686537,0.052132557857748694
1961,Eisenhower,0.010094040682817131,0.027036696309925383,0.01178063988551569,0.030179903914954516,0.021286926300725748,0.05018910354696923,0.0031943166717775732,0.03071654911581315,0.037692936726975365,0.030563221915567824,0.022590207502811002,0.030716549115813147,0.02504344270673618,0.04206276193396709,0.051185730348563836,0.04512930593887356,0.056552182357150156,0.014540529489931514,0.04773586834304405,0.04144945313298579,0.01829704589594194,0.0629152611673311,0.02902994991311459,0.04719922314218542,0.03600633752427681,0.03155984871716242,0.015000511090667485,0.05348563835224369,0.030333231115199838,0.046432587140958805
1961,Kennedy,0.033902183862952795,0.018111677782136786,0.015071269778998298,0.046946514973192105,0.02223094023800183,0.05273309794690728,0.020073231332548708,0.0257617366287433,0.04400418464757422,0.03556950438080293,0.03723682489865307,0.044298417680136,0.041846475742121095,0.02595789198378449,0.03762913560873545,0.03292140708774683,0.026350202693866877,0.030665620504773113,0.026644435726428665,0.04478880606773899,0.025859814306263895,0.029979076762128944,0.02419249378841376,0.03615797044592651,0.05165424349418073,0.04478880606773899,0.01820975545965738,0.0363541258009677,0.02174055185039885,0.04831960245848045
1962,Kennedy,0.020329036990464216,0.032825107408571724,0.021743686471759407,0.04107722938279367,0.03243214921932307,0.05710992350413916,0.011762548464843339,0.027638059310489363,0.03148904956512627,0.02881693387823536,0.03958398826364875,0.032589332495022535,0.030781724824478676,0.023787069055852456,0.022608194488106467,0.058131614796185685,0.033846798700618255,0.029524258618882953,0.030545949910929477,0.03313947395997066,0.02127213664466101,0.027952425861888296,0.022686786125956197,0.023315519228754064,0.062061196688672327,0.03518285654406371,0.03589018128471131,0.04312061196688672,0.03746201404170596,0.05129414230325893
1963,Kennedy,0.027897980592709152,0.01875163912929452,0.03193023865722528,0.04461709939680042,0.02071859428271702,0.08149750852347233,0.015014424337791763,0.03429058484133228,0.06448334644636769,0.027209546289011278,0.030455022292158407,0.036454235510097036,0.0456989247311828,0.023078940466824023,0.011277209546289012,0.03566745344872804,0.024750852347233152,0.04314188303173354,0.028291371623393655,0.050419617099396796,0.03163519538421191,0.02976658798846053,0.021997115132441646,0.023865722528193023,0.06389325990034092,0.014916076580120638,0.009015211119853135,0.03134015211119853,0.029078153684762655,0.048846052976658796
1964,JohnsonII,0.0374617737003058,0.04204892966360857,0.021734381826124943,0.0232088248143294,0.032383136740934904,0.03713411970292704,0.022717343818261244,0.044506334643949326,0.04909349060725208,0.017311052861511578,0.03418523372651813,0.01370685889034513,0.06760594145915247,0.019276976845784187,0.022553516819571864,0.038936216688510265,0.03680646570554827,0.038936216688510265,0.04483398864132809,0.02763215377894277,0.024191786806465703,0.03254696373962429,0.05482743556138052,0.012560069899519442,0.028123634775010918,0.02288117081695063,0.04892966360856269,0.017147225862822194,0.057284840541721276,0.029434250764525993
1965,JohnsonII,0.048325911265050314,0.02135906317004783,0.02284347682665347,0.03756391225465941,0.04733630216064655,0.05104733630216065,0.02593600527791522,0.04894441695530266,0.014308098301171038,0.03410028038924625,0.08382813788553521,0.0347187860794986,0.0409038429820221,0.01826653471878608,0.016534718786079497,0.010968167573808345,0.04696519874649514,0.03991423387761834,0.025193798449612403,0.04115124525812304,0.03335807356094343,0.034966188355599545,0.030265545109681675,0.01839023585683655,0.04152234867227445,0.03422398152729672,0.010720765297707406,0.04350156688108198,0.023956787069107702,0.01888504040903843
1966,JohnsonII,0.054552070927616776,0.03390895858144767,0.07618764059812094,0.03916898240042345,0.03361122138414715,0.05346036787084822,0.03390895858144767,0.04115389704909356,0.04105465131666005,0.03579462749768427,0.053460367870848215,0.015945481010983194,0.04353579462749768,0.02934365488950642,0.021602487759693,0.02567156278946672,0.0289466719597724,0.03192404393277756,0.017930395659653302,0.0271602487759693,0.025373825592166204,0.027358740240836312,0.03331348418684663,0.011777160248775969,0.040657668386926034,0.0327180097922456,0.02100701336509197,0.029244409157072913,0.01346433770014556,0.02676326584623528
1967,JohnsonII,0.04549927491195359,0.02374663351978455,0.05303501139424072,0.06290138802568883,0.0327584420965403,0.028485601823078514,0.036176714315309715,0.045266210897037494,0.03936192251916304,0.03353532214626062,0.03198156204681997,0.0195514812512948,0.038818106484358815,0.028796353842966648,0.025145017609281128,0.036176714315309715,0.02856328982805055,0.04992749119535944,0.01792003314688212,0.039128858504246945,0.03454526621089704,0.024368137559560805,0.03112699399212762,0.013647192873420342,0.05101512326496789,0.04347938678268075,0.0195514812512948,0.024989641599337066,0.020483737310959187,0.020017609281126995
1968,JohnsonII,0.04333481613285883,0.03110172004744959,0.03688463819691578,0.039664887307236066,0.03855278766310795,0.026875741399762752,0.027098161328588378,0.03755189798339265,0.057792111506524316,0.025318801897983394,0.031212930011862393,0.017645314353499406,0.03799673784104389,0.028655100830367736,0.015754744958481615,0.045114175563463824,0.03454922894424674,0.045670225385527875,0.023094602609727163,0.028877520759193358,0.03543890865954923,0.018201364175563464,0.03788552787663108,0.0195358837485172,0.028766310794780543,0.04166666666666667,0.05934905100830368,0.03933125741399763,0.022427342823250297,0.024651542111506525
1969,JohnsonII,0.08223053317990026,0.03389911775987725,0.0362006137322593,0.04569428461833526,0.0218162639048715,0.04813962408899118,0.06712696586114308,0.025700038358266203,0.036632144227080936,0.03476217874952052,0.039796701189106255,0.023686229382431916,0.03850210970464135,0.0244054468738013,0.022391637897967012,0.030734560797851935,0.02972765630993479,0.03231683927886459,0.03073456079785194,0.032460682777138476,0.03461833525124664,0.025124664365170694,0.03231683927886459,0.003979670118910625,0.023973916378979672,0.04770809359416954,0.052023398542385885,0.015630993479094746,0.012610280015343308,0.015055619485999233
1970,Nixon,0.023069679849340864,0.02037322376305427,0.025894538606403013,0.05029104605375792,0.02268447183701421,0.04823660332134909,0.04207327512412258,0.0615904810820065,0.03192946413285397,0.032571477486731726,0.08174970039376818,0.02692175997260743,0.02705016264338298,0.05183187810306455,0.017548365005992123,0.02692175997260743,0.03180106146207841,0.042715288478000345,0.011641842150316727,0.012669063516521143,0.056069166238657764,0.025637733264851907,0.021914055812360896,0.02948981338811847,0.02409690121554528,0.0463105632597158,0.032057866803629514,0.048365005992124635,0.007532956685499059,0.018960794384523198
1971,Nixon,0.05819437426309584,0.011074616809836619,0.006021559710291393,0.029391948795688058,0.01372747178709786,0.017390938184268147,0.04619336365167593,0.09508169108977597,0.031286845208017514,0.01372747178709786,0.06577395991241368,0.026739093818426814,0.04720397507158498,0.10594576385379821,0.031792150917972044,0.03419235304025602,0.03052888664308573,0.05036213575880075,0.027497052383358596,0.0056425804278255,0.06046824995789119,0.019033181741620345,0.020549098871483915,0.016254000336870474,0.0037476840154960418,0.022570321711302,0.04012969513222167,0.0336870473303015,0.02206501600134748,0.01372747178709786
1972,Nixon,0.015481398582426155,0.027817343236002306,0.019067724760063756,0.0371519652728321,0.03621087258792011,0.020542951131006883,0.016778580391358905,0.03643978702479059,0.0326754162851426,0.04071285651303965,0.029470614168955814,0.030767795977888562,0.035447824465018485,0.04099264082477024,0.04155220944823143,0.047910943805744906,0.04483331637670838,0.039466544578967006,0.03448129684267644,0.017897717638281276,0.04162851426052158,0.041094380574490455,0.025299284430426967,0.034328687218096114,0.020797300505307422,0.04745311493200394,0.03964458914097738,0.03491369077898735,0.037915013395733714,0.03122562485162953
1973,Nixon,0.009946588183998255,0.017958360584259866,0.009047307608458687,0.03251035535208197,0.008883802049269677,0.013625463265751037,0.013625463265751035,0.03251035535208197,0.020329191192500543,0.035289949858295186,0.02556136908654895,0.03602572487464574,0.04485502507085241,0.0618596032265097,0.04223893612382821,0.017876607804665358,0.037742533246130375,0.04027686941356006,0.011009374318726837,0.02376280793546981,0.03986810551558753,0.04191192500545018,0.020329191192500547,0.0420754305646392,0.013216699367778504,0.0538478308262481,0.03856006104207543,0.18759537824286027,0.01485175495966863,0.012807935469805971
1974,Nixon,0.014895117221928433,0.03363048021958651,0.008001561280249805,0.024470549721739572,0.030023167384351943,0.020995442068948152,0.011420009569137014,0.023167384351942787,0.0313641056634182,0.039976328976857795,0.016198282591725215,0.04139281307446299,0.030382010022411927,0.05808843897156959,0.051194883029890954,0.046473269371206966,0.06158243307899574,0.025509304726650046,0.03646344841479691,0.014687366220946338,0.03493364558938329,0.051024904938178336,0.03712447432701267,0.04352698244818816,0.02588703381934477,0.04432021354284707,0.046473269371206966,0.052441389035783534,0.023790637354889076,0.020561053612349226
1975,Ford,0.041563786008230456,0.009465020576131689,0.004279835390946502,0.022798353909465018,0.002551440329218107,0.03082304526748971,0.025020576131687244,0.023415637860082304,0.09477366255144032,0.03761316872427983,0.023415637860082304,0.0397119341563786,0.03662551440329218,0.038971193415637866,0.011440329218106995,0.06674897119341565,0.02860082304526749,0.029588477366255143,0.01440329218106996,0.03181069958847736,0.02242798353909465,0.025637860082304526,0.03341563786008231,0.11465020576131686,0.03650205761316873,0.034650205761316874,0.04674897119341564,0.026872427983539095,0.016008230452674896,0.029465020576131686
1976,Ford,0.03499864608719199,0.0344909287841863,0.01793934470620092,0.042512862171676144,0.028093690766314648,0.027585973463308964,0.04241131871107501,0.045051448686704576,0.054494990522610344,0.030226103438938532,0.046269970213918224,0.03743568914161928,0.028398321148118064,0.06424316274031952,0.02017330083942594,0.030530733820741944,0.034694015705388576,0.048300839425940975,0.049722447874356895,0.020477931221229352,0.024133495802870292,0.017837801245599784,0.03834958028702951,0.024945843487679396,0.01712699702139182,0.027687516923910103,0.024539669645274848,0.023524235039263472,0.0353032764689954,0.0284998646087192
1977,Ford,0.06729616306954436,0.03020083932853717,0.024917565947242207,0.0351468824940048,0.00895533573141487,0.046612709832134294,0.017273681055155875,0.033235911270983215,0.03053806954436451,0.021657673860911268,0.03537170263788969,0.049985011990407675,0.026154076738609113,0.046612709832134294,0.040654976019184656,0.04009292565947242,0.022669364508393283,0.03908123501199041,0.0014238609112709833,0.051109112709832136,0.03896882494004796,0.025816846522781777,0.01176558752997602,0.04717476019184652,0.04694994004796163,0.03761990407673861,0.023231414868105513,0.014126199040767385,0.02390587529976019,0.06145083932853716
1978,Carter,0.013635129368866131,0.044794212343380276,0.007409131463594398,0.01668994142519105,0.015788044532371308,0.01893013693316265,0.013053260405756623,0.02471973311610225,0.03333139377012297,0.027716358276116217,0.010987625586717873,0.03382598238876605,0.028938283098646184,0.02794910586136002,0.07734978082935723,0.04447418441367004,0.060155552969471275,0.021344893130067107,0.029200124132045462,0.04429962372473719,0.01567167073974941,0.05328949920477909,0.029287404476511892,0.0370844485821793,0.05902090849140774,0.03795725202684356,0.0600100857286939,0.04683075371426355,0.03877186857519687,0.027483610690872413
1979,Carter,0.008289296445964149,0.060939280903533316,0.006599057092529272,0.016332504403688736,0.016701637136048077,0.02218034400580251,0.005064242047456222,0.024900269402134495,0.023890011397782615,0.031408662314786034,0.013806859392809035,0.04071469277795047,0.027425914413014195,0.031136669775152837,0.08293182053673194,0.04024841985286499,0.06507745311366697,0.022743757123614136,0.044930577142265046,0.03541083825510309,0.02113122992436017,0.04083126100922184,0.027425914413014195,0.04512485752771733,0.054780592684695886,0.03107838565951715,0.05771422650502538,0.03925758988705834,0.03082582115842918,0.03109781369806238
1980,Carter,0.009654311939412977,0.03620912295396642,0.008790528042438836,0.016773985272048302,0.011761421142637769,0.023697344082644053,0.003777963913028304,0.012389627613164415,0.027872299584685723,0.036405437476006004,0.008227759745925383,0.03679806652008516,0.022663420933235614,0.03284560080968834,0.07128398422503752,0.03984748542909992,0.06447841412766551,0.017467629916588144,0.03059452762363452,0.05544794611384497,0.021629497783827174,0.04703259693574843,0.029377377586989144,0.0542307960771996,0.06891512232575997,0.03157610023383241,0.07289376330576205,0.032780162635675146,0.030031759327121064,0.044545946323247126
1981,Carter,0.00887186445788809,0.0364203463937732,0.012886112210474737,0.01732440021861631,0.013508037918621964,0.02415144833305064,0.0027232807523416445,0.011797742221217088,0.020151335255649157,0.031699364881928344,0.010822449633440756,0.037296696255253385,0.024886451442679182,0.036929194700439115,0.06911385009705812,0.04027911271932304,0.06323382522002978,0.014554003882324118,0.03783381391228963,0.04546653851227832,0.02008066187972334,0.05599687152522568,0.02991839580859765,0.05208156649893519,0.0838987203407399,0.04344527996079983,0.0407314223252483,0.041537098810802656,0.029211662049339438,0.04314845178191138
1981,Reagan,0.029259965062728283,0.012108940765443863,0.006987454343338098,0.03569159917420994,0.012466253771637287,0.004843576306177546,0.04533905034143243,0.019016992218516753,0.13395267587740195,0.03152294743528664,0.019969826901699222,0.03068921708750199,0.021994600603461964,0.03902652056534858,0.08107035096077497,0.07940289026520564,0.05927425758297602,0.041289502937906945,0.03521518183261871,0.014133714467206605,0.025925043671589647,0.014967444814991265,0.037120851198983645,0.028068921708750198,0.01234714943623948,0.020922661584881687,0.010441480069874543,0.017349531522947433,0.056773066539622045,0.022828330951246624
1982,Reagan,0.051198940471211485,0.02579116129931688,0.028196012825874812,0.03091454063850551,0.019413076815837167,0.023909103582880245,0.04523909103582881,0.03321483340303918,0.089153771086017,0.016799107765230727,0.0486895301826293,0.05046702913704169,0.021922487104419353,0.05391746828384218,0.027150425205632232,0.06353687439007388,0.050362470375017426,0.03331939216506343,0.024641014917050046,0.021922487104419353,0.0390701240763976,0.02474557367907431,0.01658999024118221,0.01700822528927924,0.02024954691203123,0.024954691203122818,0.016485431479157955,0.019099400529764395,0.033946744737208975,0.02809145406385055
1983,Reagan,0.03376491495303376,0.02938563087077939,0.02338791571464839,0.035954556994160954,0.033384107641533385,0.03395531860878396,0.037953795379537955,0.03528814419903529,0.056518151815181515,0.017294998730642296,0.04195227215029196,0.05423330794617923,0.04671236354404672,0.029671236354404672,0.022055090124397055,0.03938182279766438,0.02472074130489972,0.030052043665905054,0.02814800710840315,0.029956841838029963,0.04042904290429043,0.025387154100025386,0.025767961411525767,0.023102310231023104,0.03871541000253872,0.03157527291190658,0.026624777862401628,0.017866209697892866,0.04766438182279767,0.039096217314039096
1984,Reagan,0.04921885801188995,0.028584266556062495,0.03366514585925619,0.029413797870869625,0.04465643578045072,0.05274436609982027,0.04755979538227568,0.045589658509608735,0.06570579289368172,0.013134245817779621,0.0939098575971243,0.029102723627816948,0.033042997373150834,0.024021844324623252,0.023399695838517903,0.027962118069957142,0.01603760541960459,0.055025577215539884,0.015933914005253697,0.02433291856767593,0.027339969583851792,0.0184225079496751,0.033042997373150834,0.02879164938476428,0.016867136734411724,0.020600027651043826,0.023503387252868796,0.021118484722798286,0.032524540301396385,0.024747684225079496
1985,Reagan,0.05108297499601848,0.021699315177576048,0.026954929128842172,0.025282688326166588,0.05717470934862239,0.043318999840738975,0.03770504857461379,0.040571747093486224,0.05848861283643893,0.01333811116419812,0.08237776716037584,0.027432712215320912,0.0337633381111642,0.026477146042363432,0.02838827838827839,0.030777193820672084,0.019310399745182352,0.03340500079630515,0.018235387800605192,0.036391145086797264,0.03400222965440357,0.01871317088708393,0.04272177098264055,0.03400222965440357,0.023491001751871316,0.009874183787227266,0.028507724159898072,0.021340977862716992,0.047499601847427936,0.02767160375856028
1986,Reagan,0.07696453066823436,0.02067411326670586,0.04374877523025672,0.031109151479521847,0.03919263178522438,0.04521849892220263,0.04213207916911621,0.029051538310797573,0.0541838134430727,0.017146776406035666,0.1191456006270821,0.02699392514207329,0.04022143836958652,0.024201450127376054,0.015824025083284343,0.019351361943954534,0.01435430139133843,0.050656476582402514,0.01567705271408975,0.027140897511267883,0.04345483049186753,0.013913384283754654,0.04712913972173231,0.01670585929845189,0.022290809327846363,0.023025671173819318,0.020380168528316672,0.015236135606505979,0.01979227905153831,0.025083284342543602
1987,Reagan,0.11444963049397121,0.021538311940879035,0.037728510307273436,0.035832360949047064,0.039332944379618824,0.05318942045896539,0.08877868533644495,0.029122909373784516,0.036561649163749516,0.0117658498638662,0.06879618825359783,0.011619992220925711,0.033061065733177755,0.027518475301439128,0.01059898872034228,0.025184753014391287,0.012349280435628163,0.04108323609490471,0.01570400622325943,0.04225009723842863,0.04239595488136912,0.015266433294437963,0.025622325943212756,0.008848697005056399,0.03568650330610658,0.022413457798521975,0.0337903539478802,0.013807856865033061,0.022996888370283936,0.022705173084402952
1988,Reagan,0.061266874350986496,0.033229491173416406,0.025552588636700783,0.03845868565494734,0.04335410176531672,0.06938881471591751,0.07428423082628689,0.03779112891262424,0.05414626909954013,0.023438658952677643,0.07573060376798693,0.02978044800474707,0.03100430203233942,0.029557929090639375,0.015427978044800474,0.018877021213469812,0.01375908618899273,0.03645601542797805,0.008307372793354102,0.04991840973149385,0.03879246402610889,0.009197448449784897,0.039348761311378135,0.00597092419522326,0.028334075063047023,0.020768431983385252,0.04068387479602433,0.011533897047915739,0.017541907728823615,0.01809820501409286
1989,BushI,0.08078683200472395,0.027421021552996753,0.023767345733687627,0.03207115441393564,0.07259374077354591,0.02321375848833776,0.04701801003838205,0.04258931207558311,0.04978594626513139,0.022549453793917918,0.05332890463537054,0.03295689400649542,0.05277531739002067,0.010149099498080898,0.020777974608798343,0.018785060525538824,0.025538824918807202,0.043696486566282854,0.033289046353705345,0.024874520224387364,0.037496309418364335,0.017013581340419248,0.028971065839976384,0.03351048125184529,0.015352819604369647,0.03118541482137585,0.021995866548568055,0.029746087983466195,0.018785060525538824,0.02797460879834662
1990,BushI,0.0649775434485452,0.012107010349541106,0.016647139230619022,0.026752587385276312,0.0750829916032025,0.06702792423354814,0.0714215973442687,0.05062487795352471,0.03231790665885569,0.009177894942394063,0.09338996289787152,0.019429798867408705,0.043448545206014454,0.022944737355985158,0.011521187268111698,0.02030853348955282,0.006541691075961725,0.026899043155633663,0.02807068931849248,0.021480179652411637,0.06849248193712167,0.01957625463776606,0.012253466119898459,0.013278656512399923,0.03949423940636595,0.020162077719195468,0.010349541105252881,0.023969927748486622,0.043595000976371805,0.02865651239992189
1991,BushI,0.04135405501964988,0.028224365844944622,0.06627366916755983,0.03076991782779564,0.029162200785994997,0.0776616648803144,0.06453197570560915,0.051670239371204,0.026214719542693818,0.03358342265094677,0.06225437656305824,0.02594676670239371,0.038004644515898536,0.040684172918899614,0.007056091461236156,0.016836370132190068,0.023937120400142904,0.036396927474097895,0.016702393712040013,0.046847088245802075,0.03773669167559843,0.00906573776348696,0.022463379778492318,0.021659521257591994,0.03974633797784923,0.01321900678813862,0.009735619864237228,0.014022865309038943,0.04081814933904966,0.0274205073240443
1992,BushI,0.06819524442475262,0.021341013144291834,0.03862058780091567,0.033968394624132335,0.039063653817752175,0.02765470388421208,0.12313543051247969,0.03651602422094225,0.0501403042386649,0.014916555900162456,0.03817752178407916,0.02599320632107517,0.03197459754836804,0.022448678186383103,0.023667109732683503,0.02222714517796485,0.018128784522227145,0.04803574065869148,0.046041943582927194,0.028208536405257716,0.04050361837247084,0.01668881996750849,0.041168217397725596,0.012147393294934278,0.013365824841234678,0.014916555900162456,0.031199232018904153,0.011150494757052135,0.03983901934721607,0.020565647614827945
1993,Clinton,0.035184565629530505,0.00975800156128025,0.009423441507750641,0.023809523809523808,0.04505408720865395,0.016700122672019625,0.10201293632206981,0.04731236756997881,0.10410393665662987,0.01929296308687409,0.028326084532173525,0.027824244451879115,0.031086204973792796,0.023976803836288616,0.02222036355525817,0.03426452548232408,0.02682056429129029,0.03853016616482659,0.06169844987175198,0.012852682056429128,0.050908888145422104,0.01636556261849002,0.053167168506746965,0.018289282926285268,0.007499721199955392,0.021802163488346158,0.02682056429129029,0.00699788111966098,0.06663321066131371,0.011263521802163487
1994,Clinton,0.05008000800080008,0.022777277727772778,0.022327232723272326,0.023527352735273524,0.09043404340434044,0.024502450245024503,0.10956095609560956,0.059905990599059905,0.040329032903290325,0.012801280128012802,0.03252825282528253,0.019851985198519852,0.024127412741274133,0.0143014301430143,0.006200620062006201,0.019326932693269325,0.007475747574757476,0.04437943794379437,0.09373437343734374,0.02022702270227023,0.03162816281628163,0.009500950095009501,0.05623062306230622,0.014226422642264227,0.020902090209020903,0.00545054505450545,0.042279227922792276,0.011901190119011902,0.04857985798579857,0.020902090209020906
1995,Clinton,0.05858519491896627,0.03177836180464302,0.02704774419623303,0.043802014892685065,0.07566798072711346,0.02711344721857206,0.13637757336837492,0.058190976784932104,0.042159439334209375,0.015615418309242225,0.030530004380201488,0.019426193604905828,0.01410424879544459,0.0334209373631187,0.017849321068769165,0.02146298729741568,0.014629872974156811,0.048204117389399906,0.033946561541830914,0.01666666666666667,0.04071397284275076,0.007468243539202803,0.05950503723171266,0.004117389399912396,0.01607533946561542,0.008256679807271135,0.03210687691633815,0.017257993867717914,0.033683749452474814,0.014235654840122647
1996,Clinton,0.04710648148148148,0.028443287037037038,0.03859953703703704,0.02037037037037037,0.11195023148148149,0.021846064814814818,0.0732349537037037,0.06472800925925926,0.03304398148148148,0.012210648148148148,0.027575231481481485,0.011342592592592593,0.028530092592592593,0.031828703703703706,0.012818287037037038,0.024016203703703703,0.017853009259259256,0.04224537037037038,0.03538773148148148,0.02627314814814815,0.05509259259259259,0.016030092592592592,0.07071759259259258,0.009346064814814814,0.009866898148148149,0.008912037037037038,0.03660300925925926,0.02488425925925926,0.04076967592592593,0.01837384259259259
1997,Clinton,0.07191308956014837,0.018177000529941704,0.025967143614202437,0.019289878113407526,0.1347111817700053,0.03789083200847907,0.048622151563328025,0.05426603073661897,0.03208797032326444,0.018177000529941707,0.047270800211976674,0.017223105458399578,0.055855855855855854,0.016348701642819288,0.004901960784313725,0.014043455219925807,0.013248542660307365,0.042183359830418654,0.0354266030736619,0.022866984631690512,0.0422628510863805,0.011658717541070483,0.03979862215156333,0.026603073661897195,0.031293057763646,0.009591944886062534,0.03065712771595125,0.018653948065712772,0.03804981452040276,0.020959194488606253
1998,Clinton,0.06873081873081874,0.031234531234531234,0.03754578754578754,0.024180774180774182,0.10347985347985349,0.022324522324522325,0.05558855558855559,0.0471982971982972,0.03635778635778635,0.01192951192951193,0.050465300465300456,0.015716265716265717,0.025962775962775964,0.019874269874269875,0.008662508662508662,0.014305514305514303,0.014157014157014156,0.04341154341154341,0.04333729333729334,0.03301653301653301,0.05128205128205127,0.01809226809226809,0.05157905157905157,0.025443025443025444,0.026853776853776854,0.009702009702009701,0.03873378873378873,0.019503019503019504,0.03665478665478665,0.014676764676764676
1999,Clinton,0.07741996770209937,0.02355846869953453,0.032535385199962,0.02063740856844305,0.09459010164339318,0.024912130711503753,0.05369525980811247,0.043222190557613754,0.03709508881922675,0.0058896171748836325,0.04236724612900161,0.016220195687280326,0.03595516291441057,0.024128431651942627,0.008098223615464995,0.023700959437636553,0.018143820651657643,0.025054621449605775,0.07984231024983376,0.016932649377790442,0.05341027833190842,0.021563598366106204,0.04984800987935784,0.011518001329913555,0.026408283461574998,0.01137551059181153,0.029400588961717492,0.027619454735442195,0.0477818941768785,0.01707514011589247
2000,Clinton,0.07790679115792834,0.03044449764583832,0.02763147394461735,0.02828984119383928,0.11297981007102388,0.01793551991062166,0.07234059532359749,0.03876386561327907,0.033616630755725796,0.01685819168462214,0.051512249620940066,0.015421754049956108,0.03152182587183784,0.012489027212512969,0.0018354480887399249,0.02924746628361663,0.020269731066953955,0.037147873274279784,0.04989625728194079,0.016439230707844546,0.031461974303726756,0.019431809113398774,0.06372196951560131,0.030025536669060732,0.022244832814619742,0.007641050195515121,0.027811028648950603,0.02110765302050914,0.042055701859388714,0.011950363099513207
2001,BushII,0.06099090624020069,0.027242082157416116,0.023361555346503606,0.03476795233615554,0.07592505487613672,0.013719034179993728,0.06016776418940106,0.031710567576042646,0.1000313577924114,0.015600501724678584,0.042293822514894955,0.020539354029476323,0.036884603323926,0.030652242082157416,0.009838507369081217,0.032180934462213866,0.029711508309814987,0.023361555346503603,0.09015365318281593,0.0126607086861085,0.030299466917529008,0.01560050172467858,0.05452336155534651,0.023714330511132017,0.010779241141423646,0.013719034179993728,0.019363436814048292,0.019363436814048292,0.020186578864847912,0.02065694575101913
2002,BushII,0.06550086355785838,0.02443868739205527,0.17819516407599312,0.015371329879101898,0.04529360967184802,0.044645941278065635,0.04179620034542315,0.05902417962003455,0.022754749568221072,0.01226252158894646,0.060578583765112264,0.020811744386873922,0.022884283246977548,0.022495682210708117,0.007987910189982728,0.013946459412780656,0.009153713298791019,0.021329879101899825,0.03674438687392056,0.058765112262521596,0.027806563039723658,0.019905008635578585,0.020552677029360963,0.017055267702936097,0.017055267702936097,0.007599309153713299,0.030915371329879104,0.012521588946459411,0.037132987910189985,0.025474956822107084
2003,BushII,0.04314398271699073,0.025606811538950315,0.17686491294954887,0.026369297242343374,0.03961748633879782,0.035519125683060114,0.025892743677722707,0.04676578980810776,0.02837082221375016,0.017981954505019698,0.04485957554962511,0.020364722328123017,0.023605286567543526,0.01702884737577837,0.012644554581268268,0.009308679628923624,0.018172575930867962,0.023319354428771127,0.056010928961748634,0.08946498919811921,0.02446308298386072,0.012453933155420004,0.03094421146270174,0.03408946498919812,0.02598805439064684,0.01169144745202694,0.02522556868725378,0.018077265217943828,0.020555343753971278,0.015599186681916382
2004,BushII,0.04171476208798256,0.048544311914839045,0.13578940618186483,0.030171860972168785,0.08461587790175708,0.037193792484288835,0.020360395023727072,0.04498525073746312,0.028248044119533154,0.018340387328459662,0.04431191483904066,0.020456585866358856,0.022861356932153392,0.016512761318455815,0.016416570475824035,0.01930229575477748,0.012953700141079903,0.03565473900218032,0.07307297678594331,0.03459663973323073,0.03151853276901372,0.019687059125304607,0.029787097601641662,0.010356547390021804,0.016416570475824035,0.010067974862126459,0.03507759394638964,0.008432730537386175,0.03555854815954855,0.016993715531614724
2005,BushII,0.059447128287708,0.041029253891572734,0.13110574342458403,0.022812667740203973,0.039922168545356955,0.058943907675791725,0.034084809447128286,0.04032474503488996,0.027643585614600112,0.020397208803005905,0.04928207192699947,0.018384326355340846,0.040425389157273214,0.0291532474503489,0.01023215244229737,0.019390767579173376,0.010735373054213635,0.02200751476113795,0.08621846484165324,0.02422168545356951,0.03388352120236179,0.015968867418142782,0.029656468062265164,0.01908883521202362,0.013150831991411703,0.01234567901234568,0.02653650026838433,0.008017981749865809,0.0361983360171766,0.01939076757917338
2006,BushII,0.0632139648312155,0.045886279039917856,0.14282505455012195,0.02740341419586703,0.044827364908227446,0.05127711461943268,0.03192786548581697,0.045308689513541264,0.0252855859324862,0.01488897445770761,0.07255166217430367,0.026922089590553207,0.03394942882813503,0.025766910537800027,0.010942112694134257,0.021627518932101145,0.01642921319471185,0.03009883198562444,0.035104607880888206,0.023552817353356438,0.026055705300988323,0.01325247079964061,0.01893210114234373,0.039147734565524325,0.015851623668335257,0.00997946348350661,0.02490052624823514,0.010268258246694905,0.03664484661789244,0.015177769220895903
